-4.759566947877248988e-01 -4.623382552341315788e-01 -4.374844264556763118e-01
-4.688510129789699721e-01 -4.513169981876730130e-01 -4.374919680372797437e-01
-4.510345503478544460e-01 -4.687311593112293284e-01 -4.375703987061755340e-01
-4.218697495276845788e-01 -4.536437313441442076e-01 -4.411885621484342157e-01
-3.909767735726630833e-01 -3.908404331584087177e-01 -4.063257438166686386e-01
-5.050813303040436741e-01 -5.049820663472781579e-01 -3.791393624425131587e-02
-4.860328989000527455e-01 -4.843695915540089936e-01 -4.246084141256393357e-02
-4.994140419877425852e-01 -4.055845599812498703e-01 -3.052351149335669547e-02
-4.218804084459910064e-01 -4.967787064054873247e-01 -1.563040844599100643e-02
-4.037800612176627446e-01 -5.000802788740353888e-01 -5.008645675325586882e-02
-4.113410874721055710e-01 -5.002034417035378100e-01 -2.907209113904881542e-02
-4.213577791975239850e-01 -4.218695915540089936e-01 -7.657770784613263104e-02
-4.945870868882283888e-01 -4.945517889612433549e-01 3.818501045896741108e-02
-4.843804084459910064e-01 -4.843695915540089936e-01 3.884261929756691045e-02
-4.844352525395864695e-01 -4.358931993971843499e-01 -1.939602564591209628e-03
-4.944785935712365244e-01 -4.286860795367852806e-01 1.562506704234029042e-02
-5.097084143594539096e-01 -4.075790187232455897e-01 3.403543827718680899e-04
-5.045044355605812214e-01 -4.099617739452977028e-01 1.562504368212655828e-02
-4.843695915540089936e-01 -4.846050042014194426e-01 3.882738838121038011e-02
-4.536741000335238749e-01 -4.885998390609584963e-01 9.591430106617744589e-02
-4.554955135998386972e-01 -4.687252338378221084e-01 -1.859192646358767687e-03
-4.832845965902740071e-01 -4.373334023256411629e-01 -2.163676272448109873e-03
-4.657557889204844703e-01 -4.061868087282384243e-01 -5.023289239725406419e-05
-4.639099233919591891e-01 -4.066412779257428389e-01 1.562507029022136215e-02
-4.221290818361182473e-01 -4.969891330105753458e-01 -5.777144723148128084e-04
-4.218804084459910064e-01 -4.983078152804840677e-01 1.563040844599100643e-02
-4.527075273049871451e-01 -4.713423596581151620e-01 -1.756097389491722812e-03
-4.382675323343537821e-01 -4.375494379345322704e-01 6.720178526385014832e-04
-4.529531881267888083e-01 -4.216319962654829223e-01 4.637523138224068642e-03
-4.186941110596484883e-01 -5.000108325644794238e-01 8.895513422452841230e-04
-4.164121876876298312e-01 -5.001179762547079966e-01 2.582234550948958596e-02
-4.116095234177192252e-01 -5.002150763333894634e-01 4.687504168287948830e-02
-4.012940625455526655e-01 -4.687087188873426125e-01 1.236576539804461845e-03
-4.216570494429238147e-01 -4.528818760633742113e-01 2.713042560352611245e-03
-4.531909610815222367e-01 -4.943469985638332398e-01 1.565359625534211430e-01
-4.531304084459910064e-01 -4.975459736025778512e-01 1.863849073789709820e-01
-4.531304084459910064e-01 -4.986873522023920757e-01 2.031283677821142664e-01
-4.454281462220648913e-01 -4.970981363121607655e-01 1.715520325186716544e-01
-4.416752296759502983e-01 -4.979578646660198227e-01 1.841369843933867156e-01
-4.456400055812483330e-01 -4.983785103914329939e-01 2.031287975350088704e-01
-4.218695915540089936e-01 -4.961230493185538881e-01 1.600531409159689500e-01
-4.052869135156776381e-01 -3.751697788222238539e-01 -4.063126359985009817e-01
-4.846082896010429075e-01 -3.713114378515657843e-01 -3.581032786605494117e-05
-5.038566365564108862e-01 -3.441070878261754951e-01 1.969007107946213920e-04
-4.978408272718263805e-01 -3.119824234625414583e-01 2.715799100561327572e-04
-4.975476992533171550e-01 -2.731089230676573831e-01 -2.033477817144814384e-04
-4.833070956364579063e-01 -3.748154065917468358e-01 -9.200753086945926090e-05
-4.815916791778662720e-01 -2.808360519854987136e-01 7.543586282149406831e-04
-3.908424729463866876e-01 -3.378256598934197830e-01 -2.211806720805806073e-04
-4.031292836100326960e-01 -3.123019254351652729e-01 1.717474127460345964e-04
-4.015784600107486502e-01 -2.811326585946263279e-01 1.400077338603177837e-03
-4.777000112892211270e-01 -2.341209181638817804e-01 -4.064034858465084832e-01
-4.970532727460650335e-01 -2.473292090365029061e-01 -1.186807378830751121e-04
-4.956171854647387076e-01 -2.185300668172015237e-01 8.182683871103291499e-05
-4.864272651597505992e-01 -1.876798326349294610e-01 -1.025437766338871892e-04
-4.965011372348331342e-01 -1.563641786451284987e-01 -7.286191513143805247e-04
-4.780596609625061832e-01 -2.473903500932453647e-01 6.744181959482404686e-04
-4.807908880180455369e-01 -2.190529200618605843e-01 4.509239673430199690e-04
-4.841175848304055118e-01 -2.004838250777525310e-01 1.113089910979944848e-04
-4.842603797988574987e-01 -1.458779795021483139e-01 -3.430460851398648824e-03
-4.956094953263556757e-01 -9.147545581840718643e-02 -5.217986017365461998e-02
-4.943639846857612596e-01 -9.673480827635871915e-02 -3.211122705410444228e-02
-4.846903550787849402e-01 -3.168250214427470457e-02 -6.215730111019700244e-02
-4.841209181638817527e-01 -3.289545264310443640e-02 -6.238785595020279046e-02
-5.046225639531497498e-01 -1.248487849353608348e-01 -2.057176252223641248e-03
-5.050944382255706522e-01 -9.377958838340921810e-02 -3.254704403580986095e-03
-5.153709181638818082e-01 -6.618856214843421570e-02 -2.699601274766884633e-04
-4.843804084459910064e-01 -3.119098085893251202e-02 5.701203176997235444e-02
-4.775028112801774638e-01 -1.168820340439080258e-01 1.982096469077004701e-03
-4.838858231216497385e-01 -1.090318501542501262e-01 1.864360785441485525e-03
-4.534029550690436561e-01 -2.300545763020176229e-02 2.215288830147607276e-04
-4.835023994111612988e-01 -3.294110390013270384e-02 5.709606373058204870e-02
-4.531195915540089936e-01 -1.121065950332056221e-01 1.447235246468037140e-02
-4.531197482213057959e-01 -1.093695915540089936e-01 1.514002801540752056e-02
-4.221290818361182473e-01 -5.983256977812567712e-02 6.478859045483245161e-05
-4.467352672202482000e-01 -3.124631821857426148e-02 2.030234398385296767e-04
-3.907791518255351315e-01 -1.211565329863009827e-01 -5.362392344596525527e-05
-3.943385438627796113e-01 -9.378463527494308727e-02 -5.790595877212423737e-04
-4.197555765442883002e-01 -6.257703529414172794e-02 4.670604823096275837e-05
-4.997955731605680518e-01 -4.687939024399073035e-02 1.859830765738638425e-01
-4.971849233293823001e-01 -3.084953125364733872e-02 1.878963080194039625e-01
-5.026980753794055845e-01 -3.855068714867942309e-02 2.228585337099885100e-01
-4.734700666515256340e-01 -2.571300151080537291e-02 2.031249621574853781e-01
-4.759970155751600540e-01 -2.008791916540942149e-02 2.267007395713630247e-01
-4.998201746960606595e-01 -3.467150439981321608e-02 2.492775179155797549e-01
-4.703478464439698192e-01 -2.729953165258974801e-02 2.394639327972716558e-01
-5.156195915540089381e-01 3.135865941836126630e-02 -5.688751892679648481e-02
-5.154138169503454936e-01 6.237391083492085930e-02 -6.251951347839955486e-02
-5.154873473308467791e-01 3.122467949195225148e-02 6.208709159447050457e-02
-4.846182909971275543e-01 6.534213201539265659e-02 5.162942836857498455e-04
-4.925745183400323524e-01 9.382438213497271140e-02 2.991267083044376208e-03
-4.790386646020658445e-01 3.097070348511568247e-02 3.324526088391120552e-04
-4.535869829771297934e-01 7.423050141423991055e-02 -1.435222830589137069e-03
-4.841596831473025109e-01 9.272333022825202109e-02 -3.391243530865458420e-04
-4.300149727373058783e-01 6.242264159074174118e-02 -8.214326587747835086e-04
-3.910160744241985564e-01 4.445174605538299711e-02 -1.734786171236926916e-04
-4.215688789978076501e-01 5.838796840220777939e-02 -6.346994687990145439e-04
-4.981383720999014164e-01 -1.533990527607515496e-02 2.027986114565996090e-01
-5.054194148014629073e-01 -3.788887943640798211e-03 2.196572842949109372e-01
-4.843695915540089936e-01 -1.561959155400899184e-02 2.031195915540089936e-01
-4.841539121384419442e-01 -1.213257922296086602e-02 2.183018802399394331e-01
-4.994287458722945772e-01 -1.562019503786072315e-02 2.503782848943856831e-01
-4.840404251413096270e-01 -1.542466031767140804e-02 2.479886214922331078e-01
-4.956212113211016512e-01 1.250680356340863053e-01 -2.474669790840332111e-03
-5.036918954817675154e-01 1.564716476153465152e-01 -9.506467222408220312e-04
-5.066983777037461500e-01 1.880392278896101665e-01 -3.405640018668732068e-04
-5.041498504543980852e-01 2.195614687037798218e-01 1.998910745598542226e-04
-5.028767930835311706e-01 2.461522400007372935e-01 6.988178014994011512e-04
-5.023601390917906695e-01 2.720490887254869983e-01 6.632324308610321097e-04
-5.022255482942910021e-01 3.133516538660016670e-01 -8.262554235173553236e-05
-4.964894957216423599e-01 3.436271459620793278e-01 -1.828892273148001110e-04
-4.218804084459910064e-01 3.486743041643675101e-01 -5.154279659664428442e-04
-4.125164788547137640e-01 3.437191679091470276e-01 -5.810672124351940002e-04
-5.156195915540089381e-01 4.843695915540089936e-01 -3.864875031940146616e-02
-5.154451462278138996e-01 3.716322456522590523e-01 -1.131528781179325137e-03
-4.908839509235540244e-01 4.077065855967920149e-01 -1.477891841993568349e-04
-5.032346552492005243e-01 4.139309316738163380e-01 3.783993381852516352e-02
-5.014834195133427430e-01 4.025334286713393994e-01 5.052852569788383874e-02
-5.154954478984815625e-01 4.349668992665867706e-01 8.700180344461206153e-04
-4.648674385333763648e-01 3.749964890066871948e-01 -1.891759939294649674e-04
-4.836949129499225064e-01 4.380326857959294107e-01 1.824149900257251294e-04
-4.734634061401885030e-01 4.686266140619917975e-01 4.676975170838336957e-04
-4.527624903879196028e-01 3.669186394630045700e-01 -3.343734082436476598e-04
-4.531195915540089936e-01 4.811493444144024356e-01 4.720032155481508618e-04
-3.906195915540089936e-01 -5.044875771343003690e-01 -3.090984568849212966e-02
-3.902047958510834191e-01 -4.755770523645508896e-01 -6.689480245949809382e-04
-3.283902522462245899e-01 -5.006641687076878178e-01 5.516943041956428847e-04
-3.283286029055805799e-01 -3.971421702324118841e-01 5.618442870088689650e-04
-3.246277521032056024e-01 -4.999872274593598620e-01 5.471323601479480096e-04
-2.968804084459910064e-01 -4.842179687893549689e-01 7.364919393624948327e-04
-3.044742768610526618e-01 -4.063206209776423217e-01 5.224616342187483713e-04
-2.685485345327610074e-01 -4.984763776365280230e-01 1.018718983996352119e-03
-2.663384695665671487e-01 -4.775633112753561726e-01 5.579641390902660919e-04
-2.880749607864199202e-01 -4.062916674032561182e-01 2.951550114359400472e-04
-3.771014559689573886e-01 -3.779610561228688992e-01 1.242217039871122419e-01
-2.951645788547302418e-01 -3.513443557540031903e-01 1.585087491774153090e-01
-3.350164444975425870e-01 -2.498670494138863774e-01 -4.977125956210021185e-01
-2.994251151113785925e-01 -2.333071946724938062e-01 -4.062925303131095234e-01
-2.658565300206914284e-01 -2.403887107404409640e-01 -4.062253233666717200e-01
-2.877020909525349612e-01 -2.331413672721502628e-01 -4.063395723444935825e-01
-3.596380185015985997e-01 -1.527313574401035767e-01 -4.886253945460142592e-04
-3.284070310045859031e-01 -1.860156340941991893e-01 -9.038339635134683559e-05
-3.439650941116416116e-01 -1.561450409200108025e-01 -4.669604452940046604e-05
-3.023941621546265557e-01 -2.187161336536440071e-01 -1.393276685210726091e-04
-3.180641345940090625e-01 -1.875361327359274799e-01 6.634591321084353616e-05
-2.874118511067542681e-01 -2.187165088818331105e-01 9.465906569863853539e-05
-3.754307903518601663e-01 -2.488893304101882087e-01 1.252050065466404072e-01
-3.602110408543227615e-01 -9.800219759633060912e-02 8.217048212319510731e-04
-3.591934702889276187e-01 -1.351418068964635177e-01 -4.128196646467516230e-05
-3.529717517468646815e-01 -9.364638304429828697e-02 7.457173988305031446e-04
-3.287114231414279830e-01 -7.787951294758113652e-02 6.179773793334528012e-04
-3.281195915540089936e-01 -7.813040844599100643e-02 2.227091019037694651e-04
-3.129969445929734473e-01 -6.242057785943954523e-02 2.110358171499648959e-04
-2.980640949593683087e-01 -3.091971452603016132e-02 -1.014503350964401516e-04
-2.965911064179073131e-01 -2.298241690341501844e-02 -1.483882615369340398e-04
-3.622691141852698582e-01 4.376023428930728154e-01 -1.055455026116198028e-03
-3.830104381375482037e-01 4.689314912283273906e-01 -4.962917647244358436e-04
-3.448364671254046665e-01 4.061831051041382978e-01 -1.107301062287044434e-03
-3.592262958102354076e-01 4.324572408991321781e-01 -1.090269221522351508e-03
-2.538998739465215815e-01 -4.058902779308027897e-01 -4.982000369861342426e-01
-2.034849286627160858e-01 -3.985491924701651811e-01 -9.574704398411910955e-02
-1.967310648923762950e-01 -4.019403516054059766e-01 -9.220588847737409832e-02
-2.656195915540089936e-01 -4.984740565760739650e-01 1.085442884954541552e-03
-2.471886725979440536e-01 -4.766672804172248368e-01 3.555170199016515257e-04
-2.343695915540089936e-01 -4.978595254336206088e-01 8.164440523941268431e-04
-2.343695915540089936e-01 -4.775532762919745822e-01 2.604203294353982625e-04
-2.030368162088564132e-01 -4.961428565799007595e-01 -1.657290112907743441e-04
-2.031195915540089936e-01 -4.828558056742088267e-01 -5.149940370710820534e-05
-1.427254465125496197e-01 -4.867883373095679422e-01 -8.719966683026597306e-04
-1.706513074257051676e-01 -4.143217031802490236e-01 8.383319376182660210e-02
-2.183658929238821433e-01 -3.906309998895474145e-01 4.053455902609950923e-01
-2.028500726232536633e-01 -3.921479312684307827e-01 4.133365665517435561e-01
-1.720651883960737927e-01 -3.908665743297162209e-01 4.294217592129337402e-01
-1.408647673924706967e-01 -4.218804084459910064e-01 4.371451837098461746e-01
-1.476971091468390618e-01 -4.061792325161170947e-01 4.374915383785046852e-01
-2.574723622778391507e-01 -3.671560922322782416e-01 -4.981230986136357397e-01
-2.542229723565318511e-01 -3.437384986042978929e-01 -4.982050742252384090e-01
-2.343695915540089936e-01 -3.281304084459910064e-01 -4.999355636243035250e-01
-2.329234684854749882e-01 -3.278990150619566779e-01 -4.999736980621534710e-01
-2.499201930123716997e-01 -3.754387464643192396e-01 -1.252663222283089128e-01
-2.339638869532367216e-01 -3.833724342747169000e-01 -1.143508807028303098e-01
-2.158649189017219361e-01 -3.029414377157851890e-01 1.522193249807929144e-04
-2.155869348224071502e-01 -2.919590066428862651e-01 -5.082753035793186741e-05
-1.721913843702084224e-01 -3.407191553105793358e-01 -4.748829016651718725e-05
-1.950725502687332136e-01 -3.210014669534012044e-01 -1.566395069948464712e-05
-1.426261740359401620e-01 -3.749901786263091230e-01 -6.444549504922749816e-04
-1.577075244835736412e-01 -3.562282394736553393e-01 -1.216045193155542467e-04
-2.179665937768122119e-01 -3.749444858591690077e-01 4.062920653066883769e-01
-2.264486215116997547e-01 -3.446992385874842468e-01 4.059880844630318064e-01
-2.027786796289492433e-01 -3.892980548948561936e-01 4.135245456811869058e-01
-2.029311294662357323e-01 -3.591984118836507034e-01 4.182287031790246079e-01
-2.033888038041628821e-01 -4.836326246863009021e-02 -4.688309922789616335e-01
-2.157816426973753199e-01 -3.126415811368840614e-02 -4.688629159272784674e-01
-2.033664878861165537e-01 -2.488749227637272049e-02 -4.374281529238192578e-01
-1.756370708609830966e-01 -6.252235644144921167e-02 -4.374738074006768729e-01
-1.721548559577165405e-01 -4.711897612518550077e-02 -4.121432819142359372e-01
-2.028894018768234442e-01 -4.662660227416979414e-02 -4.648456983212985727e-01
-1.993262052325172617e-01 -3.115501567356124268e-02 -4.375800903017024179e-01
-1.797080111616943532e-01 -3.118212305044497715e-02 -4.061107053533676292e-01
-1.483684897244207379e-01 -9.375112782677900991e-02 -4.375722739991760313e-01
-1.408733986348179035e-01 -8.016984993265602322e-02 -4.062684233317158111e-01
-1.716147518350405188e-01 -6.728268376683260721e-02 -4.373599911418534214e-01
-1.561879701386652552e-01 -6.247996427261987701e-02 -4.063715519411215671e-01
-1.716302311385096424e-01 -4.269815705090963115e-02 -4.062480967259449183e-01
-2.034054780945976915e-01 -2.619810651068139526e-02 4.375922957809429414e-01
-1.720877305772697541e-01 -4.712080063508627265e-02 4.112835715645541401e-01
-1.762597687709504257e-01 -6.246685475954134870e-02 4.374105351950146603e-01
-1.802897478533513620e-01 -3.121783849111893494e-02 4.063117550840198988e-01
-1.999339291468444912e-01 -3.133694058189078618e-02 4.375051025146154404e-01
-1.487570434561334143e-01 -9.361352123975495709e-02 4.373566083585155306e-01
-1.716449438411789263e-01 -6.803488417388846299e-02 4.375102202004787499e-01
-1.716209181638817804e-01 -4.326329660774697050e-02 4.061963979362360755e-01
-2.176519086896788746e-01 1.132037803897084687e-04 -4.375421484590713561e-01
-2.033673770935330583e-01 1.122902030834446556e-02 -4.062503960700068473e-01
-2.107124106290692300e-01 3.099245912042010442e-02 -4.063032606868489660e-01
-2.179706301933081181e-01 6.193669600732892161e-02 -4.063004339907351770e-01
-2.028977050310802055e-01 -1.538316172004593370e-02 -4.269247167092954931e-01
-1.980893659603039647e-01 -6.781250939175991377e-05 -4.061669494341439424e-01
-2.028754672024081496e-01 1.586907107653623417e-02 -4.025614378515657843e-01
-2.033594386278472776e-01 1.031665917755665574e-02 4.062262156981141237e-01
-2.109865250743293563e-01 3.116081773746109257e-02 4.062353595541713380e-01
-1.985406457555770054e-01 -4.626357915041793824e-05 4.061580783267252914e-01
-2.028433335848014996e-01 -1.538803068674373178e-02 4.256890442276839992e-01
-2.028988184069676071e-01 1.586132964470511955e-02 4.021165243995302729e-01
-2.404787728182807838e-01 1.572751411680058664e-01 -4.375651376083832256e-01
-2.346290818361182196e-01 1.868497677995018258e-01 -4.374704439652630783e-01
-2.341051698092539990e-01 1.716008567069681467e-01 -4.315700819176667147e-01
-2.177254756953271309e-01 1.561262986521798901e-01 -4.062663850737479598e-01
-2.341559898918555149e-01 1.884704896545608410e-01 -4.375280267259316624e-01
-2.059392173958513039e-01 1.873930837155763640e-01 -4.062341541495145814e-01
-2.157432692948771102e-01 2.187269002160341091e-01 -4.375598717236781621e-01
-2.033757485026419787e-01 2.033641931333536323e-01 -4.150263466508425370e-01
-2.028826323671807930e-01 1.716406909376331780e-01 -3.949683126150184687e-01
-2.028850067874718721e-01 1.917732705323049736e-01 -4.062510696494937568e-01
-2.029722571055224412e-01 2.278202924847321786e-01 -4.375383844332116356e-01
-1.721056746197907050e-01 2.131830137387708823e-01 -4.062418676178509158e-01
-1.718001125734145706e-01 2.028803036592871090e-01 -3.951809802213640532e-01
-1.493378677937999277e-01 2.187038573654349893e-01 -4.061155312649725735e-01
-2.401969312965647751e-01 1.562615622898601009e-01 4.376474622650485813e-01
-2.346625212730985843e-01 1.850107838759659229e-01 4.375867136095994980e-01
-2.544180639057829763e-01 1.876402967503514319e-01 4.688566111624598021e-01
-2.346290818361182196e-01 2.033509970686481205e-01 4.463109543349311203e-01
-2.440475757185124883e-01 2.188258034041564992e-01 4.688223120586645365e-01
-2.166674001218674428e-01 1.690819162643540374e-01 4.094994574688242128e-01
-2.341602700599355880e-01 1.716724880204290316e-01 4.324033836657859564e-01
-2.051521332379445950e-01 1.874776228609172368e-01 4.062280730602974010e-01
-2.337288554518899275e-01 1.877601473149683731e-01 4.374986269428578489e-01
-2.034334410337563792e-01 2.033643563352323658e-01 4.158126946603844520e-01
-2.029568900844361812e-01 1.716410758008973803e-01 3.956183648627153993e-01
-2.028709181638817804e-01 1.907311015539369381e-01 4.062234676383102983e-01
-1.721698749235905102e-01 2.126992077006252535e-01 4.063212940262765915e-01
-1.717239878677803699e-01 2.028810256647376464e-01 3.956495710893021545e-01
-1.468472763453844698e-01 2.186909515351571076e-01 4.061345775289603721e-01
-1.717722938376740616e-01 2.341341471358583670e-01 4.325895992091116082e-01
-2.297902040463332130e-01 2.499936638851003035e-01 -5.017034415795418312e-01
-2.026340543650436421e-01 2.608549484098788285e-01 -5.025036676962301163e-01
-2.044001902193181841e-01 2.500722719637347713e-01 4.689277335979862849e-01
-1.719842617733704226e-01 2.375098398102866992e-01 4.373475814824380747e-01
-2.028791512980635259e-01 2.504203967672244402e-01 4.686894466167373374e-01
-1.026655639285201926e-01 -4.531195915540089936e-01 -2.549801370579226623e-01
-1.306173218507863942e-01 -4.581972122389623148e-01 -5.150145646062246479e-02
-1.342222071558553387e-01 -4.418478668920035046e-01 -6.291658278049284958e-02
-9.711997815288295199e-02 -4.061965285676452098e-01 -9.293589317125501570e-02
-9.900153634179777173e-02 -4.064450263948152786e-01 -1.562502456346689939e-02
-1.627973152032834506e-02 -4.917402900858939829e-01 -5.648602586259174330e-02
-4.686959155400899357e-02 -4.765479900894137311e-01 -5.839725008536981316e-02
-1.094410674786732290e-01 -4.937356718037262393e-01 -9.529934154561597783e-04
-1.326195254414201385e-01 -4.839719290148442599e-01 -7.834121601359681983e-03
-1.121651615937476754e-01 -4.218804084459910064e-01 -1.162360072610813498e-02
-1.199013344120227753e-01 -4.062928942695409607e-01 -2.399515209870114844e-03
-1.033474661442762427e-01 -5.000179225634436841e-01 -2.139908167253142153e-03
-1.093695915540089936e-01 -4.843695915540089936e-01 -1.442291559359847389e-02
-1.093695915540089936e-01 -4.218804084459910064e-01 -1.207267913486429790e-02
-1.045148621726136318e-01 -4.061503581693777787e-01 -2.891330586598273543e-03
-7.804140653931451732e-02 -5.124212476757579182e-01 1.136601472423788995e-04
-7.770526594327473169e-02 -4.066003773378295549e-01 -1.329978833880011101e-04
-1.563040844599100643e-02 -4.924944822746091244e-01 5.814051679461734734e-02
-1.599180759191223475e-02 -4.576843135546973529e-01 -5.408553256795607103e-04
-4.651530847910135408e-02 -4.772130308512152475e-01 6.284718799282966450e-02
-4.096072758424226801e-02 -4.376196769285223276e-01 -3.937848794288421363e-04
-1.403822302294177038e-01 -3.779692341356200580e-01 -8.821330617584270456e-04
-8.213331328986515911e-02 -3.750276872602078537e-01 2.579720086763207052e-04
-7.791162481958997799e-02 -3.689288717238120019e-01 3.325645705117984303e-04
-6.221910190403996677e-02 -3.438606739242216492e-01 5.238412623967057509e-04
-4.707152880477046691e-02 -3.210294296257619751e-01 4.265063553709558058e-04
-4.007454508846360758e-02 -3.124540631856093653e-01 3.826739686760640444e-04
-1.578788809674994478e-02 -2.940326583927579396e-01 2.196737845883096137e-04
-7.836937101394404748e-02 -1.790043239272672004e-01 -4.687215335336045174e-01
-1.029932288308124250e-01 -1.562713820331710357e-01 -4.687252065633203957e-01
-4.713555271903194233e-02 -2.048665028125263021e-01 -4.688445075266371442e-01
-6.855132688357708226e-02 -1.875894427723491797e-01 -4.688215887466591347e-01
-2.737019946801522857e-02 -2.187268659599312659e-01 -4.687564982965113369e-01
-1.585024011132924598e-02 -2.091888598229558471e-01 -4.373780140597634536e-01
-4.666159889687918061e-02 -2.028810025222408664e-01 -4.637810552022716415e-01
-1.970918930850962605e-02 -1.874229963937813215e-01 -4.061474933990715797e-01
-2.056585458056342866e-02 -1.874372546562825537e-01 4.061610215297110082e-01
-4.665555965416730982e-02 -1.694460020424754243e-01 4.063450090832196882e-01
-7.813040844599100643e-02 6.636962589879506769e-02 -2.604575043070026519e-01
-1.023476974376407167e-01 2.190109227156871472e-04 2.812147094789388402e-01
-1.092071065284092174e-01 2.136116616190881015e-02 2.813915831191323158e-01
-7.461941773749147799e-02 7.867724606326634285e-02 2.613901003552001057e-01
-1.588670411083083212e-02 2.028757741411217341e-01 -4.016812601648814263e-01
-1.592509308876540255e-02 2.255953294862241554e-01 -4.375771168839021619e-01
-1.577608743787883849e-02 2.028742514973580213e-01 4.027288023905128411e-01
-1.596726166074211375e-02 2.246545885455387415e-01 4.375207028307452339e-01
-1.578687317257717812e-02 2.341304492254804581e-01 4.546888814793943467e-01
-7.840933243531296448e-02 4.475959410487522772e-01 -2.807435852402308078e-05
-8.958340772284752174e-02 4.685942166114951402e-01 -2.323931077556632340e-04
-5.901339444390084343e-02 4.062899885422693869e-01 4.096925045429426022e-06
-7.350073068344811777e-02 4.376627736927918289e-01 -1.856523256875581779e-05
-1.566540337671053912e-02 4.749149371476220072e-01 1.153002842210710654e-03
-4.954401392930940810e-04 -4.991268935488704650e-01 -2.501513557332538662e-01
-1.259541116207441112e-03 -5.073809983724174577e-01 -2.191529236067852326e-01
-1.507540613050742904e-02 -4.912731770019083122e-01 -1.980873091793029228e-01
-1.520064224439077183e-02 -4.843073964335034010e-01 -2.488930055112264783e-01
-1.536165219316024469e-02 -4.808524624348011756e-01 -2.176358332169700260e-01
-1.561959155400899184e-02 -4.843695915540089936e-01 -2.031195915540089936e-01
1.563040844599100643e-02 -5.076504716610569234e-01 -5.804285955321182577e-02
1.054916839265776091e-01 -5.047106327684407479e-01 -5.067241555556043636e-02
1.093695915540089936e-01 -5.100132365632950027e-01 -2.244889079850800884e-02
1.650261080711917794e-02 -5.084168738661476450e-01 5.663142705054381720e-02
1.573017763395362367e-02 -4.740414157121415339e-01 -6.988888911775344853e-04
7.801509003911745455e-02 -4.865943410272411951e-01 4.914068353992450511e-05
7.190021062863624635e-02 -4.374173267010101340e-01 -8.629163979684445788e-04
5.804410221725610913e-02 -4.060885768066502810e-01 -4.026177092298206762e-04
1.015979286648157620e-01 -5.001033968043716582e-01 3.332505220030080456e-03
1.003256969916084262e-01 -5.052357368381578118e-01 1.653493527321752907e-02
8.751833788624273358e-02 -4.687783385473317521e-01 -1.170086330830553793e-03
7.851789356317348534e-02 -4.512174702585360353e-01 -1.111470365474102190e-03
1.556567471374161078e-02 -5.052486017042743249e-01 1.976652856316205020e-01
4.637965390044971464e-02 -5.058294567838400591e-01 1.563900198854287771e-01
3.893078279411982257e-02 -5.008570507388077075e-01 1.868239878076325411e-01
2.188151798416260174e-02 -4.963416803361716534e-01 2.208700105632367128e-01
1.561959155400899184e-02 -4.998463215989074060e-01 2.500936077486993203e-01
2.486026760288336662e-02 -5.000690307774682264e-01 2.500610733306958822e-01
3.335363373180227214e-02 -5.084705279035202086e-01 2.658458845278831029e-01
1.552773135975170707e-02 -2.486750010034673719e-01 -4.980575709502807480e-01
1.531660577799658952e-02 -2.407644662983887962e-01 -4.688382543482832454e-01
-1.540600082119496748e-02 -2.260374143525502033e-01 -4.687593641442456827e-01
2.073496510706629090e-03 -2.186512927048150923e-01 -4.374432824598751823e-01
1.535002240749764983e-02 -2.050378013566896140e-01 -4.062901358664769980e-01
-1.536153930643762572e-02 -2.028847602800710193e-01 -4.264404534873079688e-01
-1.527961899398077097e-02 -1.901911074273558988e-01 -4.063545691208624855e-01
1.926049845439960218e-02 -2.500665583359549249e-01 -4.983141068740025714e-01
4.608094700737227351e-02 -2.500187509158619537e-01 -4.688331199338359179e-01
4.667759149024173354e-02 -2.346181602557250445e-01 -4.386739366856288180e-01
1.579253768990363307e-02 -2.341314408825878601e-01 -4.547022401928070834e-01
1.597083804431382106e-02 -2.246554186268633346e-01 -4.375228941568345964e-01
4.670104545910249566e-02 -2.144188173758487526e-01 -4.061763936338910752e-01
1.579476026619601806e-02 -2.028786266425641194e-01 -4.027303964926038926e-01
4.694982303810792124e-02 -2.501092530388575041e-01 -4.685913900521141984e-01
7.796662851352667567e-02 -2.389343135546973529e-01 -4.373991386995937924e-01
4.719396815457746475e-02 -2.339638869532367216e-01 -4.373459237340842631e-01
7.392368233400842259e-02 -2.187597682067642102e-01 -4.062119015304121450e-01
1.093695915540089936e-01 -2.410888591155724570e-01 -4.375627955474857833e-01
7.879019488288151185e-02 -2.341344558948479926e-01 -4.292521242968684314e-01
7.847003332859231461e-02 -2.192422763790018436e-01 -4.062699346272917733e-01
1.561959155400899184e-02 -2.343804084459910064e-01 4.531195915540089936e-01
1.532764506601016000e-02 -2.415148578375290456e-01 4.688330517742571590e-01
1.524406936147052437e-02 -2.057662023276510821e-01 4.064159415287598720e-01
4.076477872483448236e-04 -2.188281927338160127e-01 4.375834688959153174e-01
-1.537425149735802306e-02 -1.906268282472225462e-01 4.062470636286937276e-01
1.590041559808852423e-02 -2.254642451688809723e-01 4.373545179805974903e-01
1.563040844599100643e-02 -2.342779493745268116e-01 4.533662448264730305e-01
4.663910957577326738e-02 6.558549474252099720e-02 -2.811514863602135872e-01
4.983376590874662171e-02 6.248591378084435155e-02 -2.811978561302395097e-01
-1.299044571022460112e-02 7.813040844599100643e-02 -2.606064784077664620e-01
1.533412309251433285e-02 2.028853514069108299e-01 -4.256514388111901637e-01
1.544869483671000750e-02 1.904656894575693926e-01 -4.064263190257514369e-01
-6.153530065513092067e-04 2.187517964496994427e-01 -4.375395675288283326e-01
-1.528423010508623246e-02 2.057748874920878601e-01 -4.063910694644380373e-01
4.661371765924965382e-02 1.690571892578289215e-01 -4.062101862959798804e-01
2.014469288254923038e-02 1.874372284345406647e-01 -4.061677818728114397e-01
3.845955580502645466e-02 2.186924524794301161e-01 -5.029710332378805049e-01
1.584158577810557134e-02 2.096874767341732893e-01 -4.373574451466813451e-01
6.265485183733569829e-02 1.561781879107025373e-01 -4.061433080576462018e-01
7.711544011087916040e-02 1.874903555539759459e-01 -5.033801744318200377e-01
4.706740681397367232e-02 1.721195241820134003e-01 -4.113696709944577590e-01
4.703689152003830143e-02 2.123473627437364453e-01 -5.032966988496305749e-01
7.836451231173832688e-02 1.426817604804661854e-01 -4.062454123091758240e-01
7.823662863304027548e-02 1.865353525549000857e-01 -5.029817785792016771e-01
1.537894479572450741e-02 1.897320954126789638e-01 4.062597517864973695e-01
1.532823722135300167e-02 2.028855634880044612e-01 4.270000367563657195e-01
-1.533983346308282619e-02 2.050361447033558493e-01 4.062996773227799951e-01
-2.530390204348446567e-03 2.187646510468118366e-01 4.375547341469815943e-01
1.543353219962034610e-02 2.256656455104650294e-01 4.688257816487939045e-01
1.908934058650400140e-02 1.874373919669026500e-01 4.061596224285011214e-01
1.580835571245096938e-02 2.089478623413884018e-01 4.375674407645515629e-01
2.651263103058858553e-02 2.188252367749180249e-01 4.688892425868944613e-01
6.769037352635545735e-02 1.875557531141550660e-01 4.688694627221154931e-01
4.713673405291341628e-02 2.042013079296447764e-01 4.689262044307646038e-01
1.024060175552968244e-01 1.562241170700078563e-01 4.687076286683694581e-01
7.839760892666865211e-02 1.782631185956697617e-01 4.688626111629147220e-01
1.563040844599100643e-02 2.967841037968086404e-01 -6.405704912933432756e-04
3.634184988741100131e-02 3.125628537151416975e-01 -1.104250940811332465e-03
4.688040844599100643e-02 3.256130637278675799e-01 -1.364631926037372265e-03
5.914800780003915542e-02 3.438112489611294120e-01 -1.731116612841792062e-03
-1.531957670333819292e-02 2.407769601339306564e-01 4.688355576476611053e-01
4.671796878935495501e-02 4.766666778747440381e-01 -6.264802979572765829e-02
9.677367266284697678e-02 4.063430689377282024e-01 -4.688040844599100643e-02
9.787253715790279751e-02 4.065840995991312767e-01 -3.021592478125338654e-02
4.094939006903992873e-02 4.376251579597952857e-01 7.377822195283546738e-04
1.591642646230346722e-02 4.579590798756630887e-01 1.022773198299975440e-03
4.685765806505603343e-02 4.768137305863530684e-01 5.863929141357623886e-02
7.769522565047974616e-02 3.713173252761055032e-01 -1.788530377982566234e-03
7.771388695323672158e-02 4.066469026198979431e-01 3.128892772388131298e-04
5.287965949519679576e-02 4.775775873696809226e-01 6.507108798753115375e-02
5.147209104553488596e-02 4.801284065142788493e-01 9.459665491941705862e-02
8.041260010913052481e-02 3.749808748136532199e-01 -1.717966661780838920e-03
1.032684061923347801e-01 4.063130432462269681e-01 -6.186100842889937466e-03
9.646670478329251452e-02 4.059917944452600125e-01 3.081395771821410223e-02
9.560987141224196184e-02 4.062724963503732134e-01 4.688040844599100643e-02
1.093695915540089936e-01 4.218804084459910064e-01 8.118606040005634655e-03
1.093233287739232146e-01 4.841789731727229595e-01 8.919566774590900401e-03
1.553053452073703371e-02 4.841691500711828300e-01 2.495949610856710577e-01
3.335083915621524231e-02 4.695480116303045737e-01 2.569689325092222587e-01
1.094494720060605608e-01 -5.102257467624202736e-01 -2.224233114411622303e-02
1.094665130247072099e-01 -5.104926244008830549e-01 1.096207117392886295e-03
1.451187221710835973e-01 -4.998946911051822539e-01 3.320236009947243939e-04
1.901638322325967800e-01 -5.049732156548591977e-01 -1.126647240681246081e-04
2.343695915540089936e-01 -5.025437489579119843e-01 4.780068127477140228e-05
1.406304084459910064e-01 -2.408625247705078465e-01 -4.374480411683834835e-01
1.422756935821717084e-01 -2.187466185109831485e-01 -4.061319247307972891e-01
1.717354413267213609e-01 -2.028849503876657412e-01 -3.961245153489563742e-01
2.029090736293261976e-01 -1.906689470893315752e-01 -4.063098703197334238e-01
2.028784485164317197e-01 -1.716209181638817804e-01 -3.959901205792988321e-01
2.341680229974840433e-01 -2.341209181638817804e-01 -4.687315226659067302e-01
2.156558285448063605e-01 -2.187644278247173335e-01 -4.375919575984520971e-01
2.341509621366688332e-01 -1.877796704234988012e-01 -4.374980051354786514e-01
2.050191443225217736e-01 -1.874627033447058277e-01 -4.062108225975579745e-01
2.341504856830377013e-01 -1.716204699534945866e-01 -4.321787970252527478e-01
2.167983686174197733e-01 -1.561863159191573258e-01 -4.061891690637634555e-01
1.716596297354131828e-01 -2.028675848304055118e-01 3.958463306410106020e-01
2.029071511367942227e-01 -1.913458185429885161e-01 4.063038241752109925e-01
2.029407303370521776e-01 -1.716774326320392452e-01 3.956432246735583358e-01
2.054946736012417396e-01 -1.876041070543089384e-01 4.062755447260441022e-01
2.341643516770003375e-01 -1.888482448983238304e-01 4.375446113409142690e-01
2.341757857331051296e-01 -1.717403894928053454e-01 4.319130351999002082e-01
2.203651217821295527e-01 -9.482202034763556608e-02 -4.060556243064992743e-01
1.408757485026419787e-01 8.077972194332719291e-02 -4.062998853017890655e-01
1.715988449072738398e-01 4.306987251826851354e-02 4.061212396514228273e-01
1.564951125147756306e-01 6.248938594284119546e-02 4.063694789134422725e-01
1.716288678244403121e-01 6.782884634170910365e-02 4.374494254215861577e-01
1.408637360438145802e-01 8.039927825469632416e-02 4.062342373003658413e-01
1.981183031070902767e-01 1.196996751732797053e-04 4.061978969823786811e-01
2.027976744859079916e-01 1.538507213121918793e-02 4.264343135546973529e-01
1.800868094820544385e-01 3.125770017948140134e-02 4.063296690165195679e-01
1.995075245871158198e-01 3.126246145829218032e-02 4.374271479851982170e-01
1.721012724212670209e-01 4.711563757876034708e-02 4.115114550171414254e-01
1.760847862070843151e-01 6.243371025039747696e-02 4.373726866621002185e-01
2.033625764433187877e-01 2.534256197924412979e-02 4.374085411235873466e-01
1.490850943362930503e-01 3.135556115590930060e-01 -5.027083971157136899e-01
2.343695915540089936e-01 3.276554592051716397e-01 -5.015554074483874469e-01
1.576330877571943956e-01 3.565571892578289215e-01 2.759861248741997766e-04
1.846685589121910831e-01 3.220962684563395961e-01 -5.890402263539987887e-05
1.720445998561092038e-01 3.411775243470241414e-01 8.599622729632117708e-05
2.184685056993890817e-01 3.016023009367046481e-01 1.817159645791284754e-04
1.705090860503894190e-01 4.142395454395476628e-01 -8.384806637111252847e-02
1.217282338208450498e-01 4.062390721015318173e-01 -3.510775472463726395e-03
1.285082372513687565e-01 4.062170833274410531e-01 3.056682058400616436e-02
1.337270852972907709e-01 4.218695915540089936e-01 5.977510674463740875e-02
1.137117099270228832e-01 4.218804084459910064e-01 6.304162014229237887e-03
1.233446663781188335e-01 4.473925798702266809e-01 3.062686215084081329e-02
1.347352100470621539e-01 4.283377557557900284e-01 6.234205069878887701e-02
1.142554904042272224e-01 4.841092134639660705e-01 1.621828376772063490e-03
1.252079149580229700e-01 4.610581882037673163e-01 2.980956024532801368e-02
1.430144629353799490e-01 3.749067275930085819e-01 6.853645794247028179e-04
1.714133083743734909e-01 4.143041667124778282e-01 8.109009457768832918e-02
1.413765203780854851e-01 4.291141042327576427e-01 7.183186002564423411e-02
1.406696333916458985e-01 4.841169879497262962e-01 2.054772010886145132e-03
1.967715027441435949e-01 4.015318246144293779e-01 9.218125230456750141e-02
2.028790146544054984e-01 4.827975126576032339e-01 1.886988310353814892e-04
2.035404006179530045e-01 3.981264858905866344e-01 9.575145167885966424e-02
2.343695915540089936e-01 4.780326644654252499e-01 -6.467629515348615366e-05
2.544663403920497391e-01 -5.020393977812742659e-01 -1.833257478681311631e-04
2.828295715324689596e-01 -5.021059037326338625e-01 -6.229696924559477433e-04
3.273737164545174050e-01 -4.999710775845405686e-01 -6.590314037118294010e-04
3.282663536192770293e-01 -4.998085533659014090e-01 -6.581856185206940140e-04
3.591652751827391077e-01 -4.325387165335397022e-01 -1.256953806774517416e-04
3.442140543957323273e-01 -4.061228804133430459e-01 3.062511421115746840e-04
2.346330463411969713e-01 -2.346104859539639431e-01 -4.697944377245642511e-01
2.453671552883655849e-01 -2.188777200368061393e-01 -4.688390364118865672e-01
2.346196889645178751e-01 -2.033705972136540807e-01 -4.453769092313115685e-01
2.551046323573443741e-01 -1.876535255970093463e-01 -4.687170065183987044e-01
2.346642674847110588e-01 -1.863178131985415431e-01 -4.375816248477414350e-01
2.582561161280239603e-01 -1.556706230922144663e-01 -4.688051894363297611e-01
2.402181859648879481e-01 -1.555508817007050515e-01 -4.375417288454757636e-01
2.346165482714201445e-01 -2.033089480182457831e-01 4.449190469287142569e-01
2.346546957251723076e-01 -1.873025473043186673e-01 4.375581794063469476e-01
2.580718030432022636e-01 -1.538065322189966222e-01 4.686769328296435111e-01
2.646875110044148438e-01 -9.390581800209464591e-02 -5.015102276352896293e-01
2.610307365928666856e-01 -6.340081499560538958e-02 -5.016561734875359946e-01
2.658109888605110216e-01 -1.088272521787581604e-01 -5.002842666200219002e-01
2.965955803072408137e-01 2.301654126870016429e-02 4.505600424884754752e-05
2.981817175085879623e-01 3.105720925479037164e-02 2.913932127556978047e-05
3.134829440334652162e-01 6.241471841330593212e-02 -1.821767191357761412e-04
3.281195915540089936e-01 7.813040844599100643e-02 1.392297963127444411e-04
3.285513764400763703e-01 7.773189147610287675e-02 -2.330807594260239765e-04
3.537787530386901635e-01 9.375851255073737456e-02 -3.406518218356841161e-04
2.659327963125043270e-01 1.764424043597786762e-01 -4.688573556544216037e-01
3.272361615114511846e-01 2.264872616106734515e-01 -5.002094047741700855e-01
3.281304084459910064e-01 2.343695915540089936e-01 -5.002830083249993898e-01
2.889986858093131494e-01 2.173853640295630996e-01 3.860047225873967230e-05
3.178301450749575485e-01 1.876136148293058858e-01 7.141632377784455058e-05
3.021269683758281976e-01 2.188299823187589699e-01 1.009278956994282602e-04
3.591324412879631778e-01 1.356626550826857680e-01 1.862115640432371213e-04
3.439805111483605904e-01 1.560214996070306281e-01 2.071860934696863820e-04
3.283973739728553998e-01 1.862365640731601379e-01 1.851086325752274869e-04
2.546533689177877258e-01 3.438698547547069939e-01 -5.018739085292438507e-01
3.281195915540089936e-01 2.345440479471748718e-01 -5.002836469317807344e-01
3.354063464933716987e-01 2.500014688129171825e-01 -5.011676952299454202e-01
3.362316132683357273e-01 3.365296238474771440e-01 -1.859345877887547127e-01
3.360812711074603887e-01 3.368929832970563032e-01 1.856362232861565043e-01
2.559066487195218453e-01 4.775705340576601454e-01 -6.074878535221330499e-04
2.942267777561645703e-01 4.062952855477165448e-01 5.802860825052022758e-04
2.656304084459910064e-01 4.784871097696020148e-01 -9.761027606950857657e-04
2.980762289512673968e-01 4.063082269128974744e-01 5.696394007332512008e-04
3.282568431196735137e-01 3.966823499828004418e-01 5.752923642657772983e-04
4.089489363092532193e-01 -5.018426278378049776e-01 -9.221486484571508879e-02
4.102368360925327528e-01 -5.000524539739154006e-01 -6.343195505368508236e-02
4.183414795463063496e-01 -5.000502580510497452e-01 -3.399514497246955425e-02
4.237246042982246719e-01 -5.024951984341997635e-01 -7.813040844599100643e-02
4.223864399000420433e-01 -5.017625989740412962e-01 -5.496246814564917371e-02
4.218804084459910064e-01 -5.011663982116696392e-01 -4.052455864316443362e-02
4.531524836241448417e-01 -5.118399069619774533e-01 -5.322724429175229588e-02
4.843695915540089936e-01 -5.152535592941637210e-01 -3.862582836220086746e-02
3.833922555995486481e-01 -4.687060479385211087e-01 -9.049158678963873043e-04
3.622030418051080392e-01 -4.375261766540457509e-01 -2.345833440298453155e-04
4.197218867849923374e-01 -4.999361701580979367e-01 -6.395807481271368125e-03
4.157398342257493384e-01 -4.990488617953880990e-01 1.562501510048970588e-02
3.906304084459910064e-01 -4.800990557506825129e-01 -2.259683679143358916e-03
4.224501623928625382e-01 -5.023855048592399397e-01 -3.252817671408378408e-03
4.531158866044091016e-01 -4.806662487152936758e-01 2.004310269503525594e-04
4.730230441746947068e-01 -4.687414322646531462e-01 6.076170538150408500e-05
4.832869516610798222e-01 -4.378235559684704459e-01 -1.798732900764698876e-04
4.144945423697982134e-01 -3.437152641124492924e-01 -3.390805577915280943e-05
4.529679687893549689e-01 -3.671183619160742206e-01 -2.973868506906514819e-05
4.221649149979697646e-01 -3.480709471414193401e-01 9.650851684977237695e-05
4.642706717105422043e-01 -3.749880889623595226e-01 -2.633864362962569372e-04
4.217309388131523229e-01 -5.781462314683546988e-02 9.684349219556802075e-04
3.906855569365696446e-01 -4.378086677137626309e-02 6.538102118078091421e-04
4.313819079914782417e-01 -6.240594794307811194e-02 1.134399336273256330e-03
4.842892810208911936e-01 -9.245116962008122219e-02 1.030045922358937324e-03
4.537115302905127545e-01 -7.356568644530264711e-02 1.615948237056970705e-03
4.784730903124829182e-01 -3.108728577764020493e-02 -7.661635892675910920e-05
4.834315230770337979e-01 3.328955956682620732e-02 -5.697965027255658121e-02
4.841428664500818657e-01 6.167585816961462797e-02 -6.271935107626283590e-02
3.599372130696799621e-01 9.744777778208975338e-02 -3.251928795218788021e-04
4.199020670220073304e-01 6.259906563040204541e-02 8.433994360476876426e-05
3.944675553698164250e-01 9.381706798370033351e-02 3.688772842195452910e-04
4.468120555162654606e-01 3.129506490872154684e-02 -6.247273279772734566e-05
4.221462134593202409e-01 6.000881072784990805e-02 7.355311623020229384e-05
4.533154786186155416e-01 2.316716004075114466e-02 -9.793902218069129649e-05
4.840522323562561624e-01 3.217424399273410146e-02 6.227376801824366370e-02
4.842870643842350220e-01 1.092297205583875747e-01 -1.025144376884877528e-02
4.521659411882580915e-01 9.530554528787225921e-02 2.812010537689960676e-01
4.531304084459910064e-01 9.517107323962424592e-02 2.815453763174083912e-01
4.235977027682333862e-01 1.337122712135896951e-01 -6.093318282555227478e-02
3.727458429577663046e-01 1.118357636748397027e-01 -8.705445094080380554e-05
3.595922380651411787e-01 1.529024685691460217e-01 2.044450555173093218e-04
3.908990925086859858e-01 1.180497387187879471e-01 -7.372426996379746571e-04
4.035766292066868544e-01 1.935972340815694526e-01 9.242224620949114622e-02
4.810989136466118921e-01 1.273241025982096153e-01 1.229386322641136051e-02
4.843695915540089936e-01 1.408452844438070617e-01 4.532200647335295728e-03
4.841430947222162828e-01 2.001449908269977984e-01 5.029459342107023712e-04
4.806316774842581130e-01 2.184413617627927184e-01 6.184615004404922685e-04
3.593804084459910064e-01 2.570644996648724923e-01 -5.015127151561483698e-01
4.163783334442623385e-01 2.499494666099182638e-01 -5.010824643109325072e-01
4.220940677911639294e-01 2.465862772232971789e-01 -5.011281144211995331e-01
3.749367876584860926e-01 2.489432029192521212e-01 -1.252421033258223904e-01
4.023396417693049787e-01 2.811026256159830372e-01 1.299888696168060515e-05
4.036924913459142839e-01 3.124716907276055000e-01 5.607559236416929894e-04
3.908504947770408688e-01 3.384664701925139130e-01 6.941133222926709583e-04
4.774856558360206504e-01 2.472177274461709318e-01 1.465003570175685678e-04
4.809061924263757226e-01 2.809584311577524307e-01 -4.919310201903346778e-04
3.754624534382585144e-01 2.495596634091965249e-01 1.251159966041116844e-01
4.217933596193570445e-01 4.215471912397853460e-01 -7.356901977863597453e-02
4.638871509080828015e-01 4.067042429966208905e-01 -1.562506603845653652e-02
3.901863301422342500e-01 4.755604702011786422e-01 -1.298792532353099539e-04
4.217352640515990569e-01 4.216943837485863655e-01 7.685995698577774426e-02
4.216635525752624458e-01 4.528798458755717293e-01 -2.582756092905910683e-03
4.012803439445605247e-01 4.686899343568113330e-01 -1.448635435054848250e-03
4.529646354547250398e-01 4.216306317692227190e-01 -4.888102070890017886e-03
4.383187800193824035e-01 4.375423845576176807e-01 2.243250288163158609e-04
4.529210567720344804e-01 4.714260491631210304e-01 -5.183021889108286023e-04
4.832162795339466910e-01 3.752453546853176669e-01 -1.221571778747076661e-03
4.659271461252585400e-01 4.061294953792154439e-01 1.261426106588560956e-04
4.825240451139292119e-01 4.377069633549326988e-01 5.958435951101151385e-04
4.556008733191379001e-01 4.688679517100940441e-01 -4.400524892402704418e-04
4.398878115762789309e-01 4.531249906746322442e-01 4.391952889244589153e-01
4.509289040861853559e-01 4.682399881731866276e-01 4.374390485266735906e-01
